
NR = 49;

NK = 11;

Rgrid = [3.00000000e+00,3.45833333e+00,3.91666667e+00,4.37500000e+00,4.83333333e+00,5.29166667e+00,5.75000000e+00,6.20833333e+00,6.66666667e+00,7.12500000e+00,7.58333333e+00,8.04166667e+00,8.50000000e+00,8.95833333e+00,9.41666667e+00,9.87500000e+00,1.03333333e+01,1.07916667e+01,1.12500000e+01,1.17083333e+01,1.21666667e+01,1.26250000e+01,1.30833333e+01,1.35416667e+01,1.40000000e+01,1.44583333e+01,1.49166667e+01,1.53750000e+01,1.58333333e+01,1.62916667e+01,1.67500000e+01,1.72083333e+01,1.76666667e+01,1.81250000e+01,1.85833333e+01,1.90416667e+01,1.95000000e+01,1.99583333e+01,2.04166667e+01,2.08750000e+01,2.13333333e+01,2.17916667e+01,2.22500000e+01,2.27083333e+01,2.31666667e+01,2.36250000e+01,2.40833333e+01,2.45416667e+01,2.50000000e+01];

Kgrid = [-2.00000000e-01,-1.60000000e-01,-1.20000000e-01,-8.00000000e-02,-4.00000000e-02,0.00000000e+00,4.00000000e-02,8.00000000e-02,1.20000000e-01,1.60000000e-01,2.00000000e-01];

KPpos = [
    4.00000000e-01,3.21166423e-01,2.60429209e-01,2.15052301e-01,1.82699654e-01,1.56939139e-01,1.37418748e-01,1.21242425e-01,1.08426169e-01,9.75299506e-02,8.85857717e-02,8.08256165e-02,7.43294866e-02,6.85533711e-02,6.36412728e-02,5.92251845e-02,5.54011080e-02,5.19130383e-02,4.88729775e-02,4.60729215e-02,4.35928719e-02,4.13048261e-02,3.92407848e-02,3.73367467e-02,3.56087122e-02,3.40086802e-02,3.25366507e-02,3.11606232e-02,2.98965979e-02,2.87125743e-02,2.76245525e-02,2.65845317e-02,2.56245125e-02,2.47124942e-02,2.38644773e-02,2.30644613e-02,2.23124462e-02,2.15924318e-02,2.09204184e-02,2.02644053e-02,1.96563931e-02,1.90803816e-02,1.85203704e-02,1.79923598e-02,1.74963499e-02,1.70163403e-02,1.65523310e-02,1.61043221e-02,1.56883138e-02,
    3.84463689e-01,3.03630073e-01,2.44940899e-01,2.01292026e-01,1.70203404e-01,1.45594912e-01,1.26954539e-01,1.11594232e-01,9.94339887e-02,8.91297826e-02,8.06976140e-02,7.34174683e-02,6.72893458e-02,6.19292386e-02,5.73371467e-02,5.32250645e-02,4.96729935e-02,4.64569291e-02,4.36408728e-02,4.10648213e-02,3.87767755e-02,3.66807336e-02,3.48086962e-02,3.30646613e-02,3.14966299e-02,3.00406008e-02,2.87125743e-02,2.74645493e-02,2.63285266e-02,2.52565051e-02,2.42804856e-02,2.33524670e-02,2.24884498e-02,2.16884338e-02,2.09364187e-02,2.02164043e-02,1.95443909e-02,1.89203784e-02,1.83283666e-02,1.77523550e-02,1.72243445e-02,1.67123342e-02,1.62323246e-02,1.57683154e-02,1.53363067e-02,1.49202984e-02,1.45202904e-02,1.41522830e-02,1.37842757e-02,
    3.64591292e-01,2.86109722e-01,2.27484550e-01,1.87515750e-01,1.57707154e-01,1.34234685e-01,1.16458329e-01,1.01914038e-01,9.03938079e-02,8.06976140e-02,7.27774555e-02,6.59453189e-02,6.02332047e-02,5.52411048e-02,5.09530191e-02,4.71769435e-02,4.38808776e-02,4.09208184e-02,3.83287666e-02,3.59767195e-02,3.38966779e-02,3.19926399e-02,3.02806056e-02,2.86965739e-02,2.72725455e-02,2.59605192e-02,2.47604952e-02,2.36564731e-02,2.26324526e-02,2.16884338e-02,2.08084162e-02,1.99923998e-02,1.92243845e-02,1.85043701e-02,1.78483570e-02,1.72083442e-02,1.66323326e-02,1.60723214e-02,1.55443109e-02,1.50643013e-02,1.46002920e-02,1.41522830e-02,1.37362747e-02,1.33362667e-02,1.29682594e-02,1.26002520e-02,1.22642453e-02,1.19442389e-02,1.16242325e-02,
    3.44734895e-01,2.68605372e-01,2.11164223e-01,1.73739475e-01,1.45194904e-01,1.22858457e-01,1.05978120e-01,9.22178444e-02,8.13536271e-02,7.22494450e-02,6.48252965e-02,5.84731695e-02,5.31450629e-02,4.85209704e-02,4.45688914e-02,4.10808216e-02,3.80567611e-02,3.53527071e-02,3.29846597e-02,3.08566171e-02,2.89525791e-02,2.72245445e-02,2.56885138e-02,2.42804856e-02,2.30004600e-02,2.18324366e-02,2.07604152e-02,1.97683954e-02,1.88563771e-02,1.80243605e-02,1.72563451e-02,1.65203304e-02,1.58643173e-02,1.52403048e-02,1.46482930e-02,1.41042821e-02,1.35922718e-02,1.31122622e-02,1.26642533e-02,1.22322446e-02,1.18322366e-02,1.14642293e-02,1.11122222e-02,1.07602152e-02,1.04402088e-02,1.01362027e-02,9.84819696e-03,9.57619152e-03,9.32018640e-03,
    3.24878498e-01,2.51117022e-01,1.95947919e-01,1.59979200e-01,1.31930639e-01,1.11498230e-01,9.54979100e-02,8.25376508e-02,7.23294466e-02,6.38172763e-02,5.68891378e-02,5.09850197e-02,4.60569211e-02,4.18008360e-02,3.81207624e-02,3.49846997e-02,3.22006440e-02,2.97845957e-02,2.76085522e-02,2.57045141e-02,2.39924798e-02,2.24564491e-02,2.10644213e-02,1.98323966e-02,1.86803736e-02,1.76563531e-02,1.67123342e-02,1.58483170e-02,1.50483010e-02,1.43282866e-02,1.36562731e-02,1.30322606e-02,1.24562491e-02,1.19122382e-02,1.14162283e-02,1.09522190e-02,1.05042101e-02,1.01042021e-02,9.72019440e-03,9.36818736e-03,9.01618032e-03,8.71217424e-03,8.40816816e-03,8.12016240e-03,7.86415728e-03,7.60815216e-03,7.36814736e-03,7.14414288e-03,6.92013840e-03,
    3.05038101e-01,2.33660673e-01,1.80747615e-01,1.46266925e-01,1.19402388e-01,1.00186004e-01,8.46816936e-02,7.29054581e-02,6.31452629e-02,5.54171083e-02,4.88889778e-02,4.35448709e-02,3.89527791e-02,3.51127023e-02,3.17686354e-02,2.89045781e-02,2.63925279e-02,2.42164843e-02,2.22804456e-02,2.05844117e-02,1.90643813e-02,1.77043541e-02,1.64883298e-02,1.53843077e-02,1.44082882e-02,1.34962699e-02,1.26802536e-02,1.19442389e-02,1.12562251e-02,1.06322126e-02,1.00562011e-02,9.52819056e-03,9.04818096e-03,8.60017200e-03,8.18416368e-03,7.78415568e-03,7.43214864e-03,7.09614192e-03,6.77613552e-03,6.47212944e-03,6.20012400e-03,5.94411888e-03,5.70411408e-03,5.48010960e-03,5.25610512e-03,5.06410128e-03,4.87209744e-03,4.68009360e-03,4.52009040e-03,
    2.85245705e-01,2.16252325e-01,1.65611312e-01,1.32602652e-01,1.07114142e-01,8.89057781e-02,7.43454869e-02,6.33052661e-02,5.42330847e-02,4.70649413e-02,4.10488210e-02,3.61527231e-02,3.19606392e-02,2.84725695e-02,2.54645093e-02,2.28884578e-02,2.06484130e-02,1.87123742e-02,1.70163403e-02,1.55123102e-02,1.41842837e-02,1.30002600e-02,1.19602392e-02,1.10162203e-02,1.01682034e-02,9.40018800e-03,8.71217424e-03,8.08816176e-03,7.52815056e-03,7.00014000e-03,6.53613072e-03,6.10412208e-03,5.70411408e-03,5.33610672e-03,5.00010000e-03,4.69609392e-03,4.40808816e-03,4.13608272e-03,3.88007760e-03,3.65607312e-03,3.44806896e-03,3.24006480e-03,3.06406128e-03,2.88805776e-03,2.72805456e-03,2.56805136e-03,2.42404848e-03,2.29604592e-03,2.16804336e-03,
    2.65501310e-01,1.98923978e-01,1.50507010e-01,1.19002380e-01,9.49058981e-02,7.77215544e-02,6.40892818e-02,5.37850757e-02,4.54009080e-02,3.87927759e-02,3.33046661e-02,2.88405768e-02,2.50645013e-02,2.19284386e-02,1.92403848e-02,1.69523390e-02,1.50003000e-02,1.33042661e-02,1.18322366e-02,1.05362107e-02,9.41618832e-03,8.40816816e-03,7.52815056e-03,6.74413488e-03,6.04012080e-03,5.41610832e-03,4.85609712e-03,4.36008720e-03,3.91207824e-03,3.49606992e-03,3.12806256e-03,2.79205584e-03,2.48804976e-03,2.20004400e-03,1.96003920e-03,1.72003440e-03,1.51203024e-03,1.32002640e-03,1.14402288e-03,9.84019680e-04,8.24016480e-04,6.96013920e-04,5.68011360e-04,4.56009120e-04,3.44006880e-04,2.48004960e-04,1.52003040e-04,7.20014400e-05,-8.00016000e-06,
    2.45820916e-01,1.81675634e-01,1.35498710e-01,1.05498110e-01,8.27776556e-02,6.66173323e-02,5.39290786e-02,4.43768875e-02,3.66807336e-02,3.06326127e-02,2.56565131e-02,2.16404328e-02,1.82803656e-02,1.54963099e-02,1.31602632e-02,1.11762235e-02,9.49618992e-03,8.04016080e-03,6.80813616e-03,5.73611472e-03,4.79209584e-03,3.97607952e-03,3.27206544e-03,2.64805296e-03,2.10404208e-03,1.62403248e-03,1.19202384e-03,8.24016480e-04,4.88009760e-04,2.00004000e-04,-5.60011200e-05,-2.96005920e-04,-5.04010080e-04,-6.80013600e-04,-8.40016800e-04,-9.84019680e-04,-1.11202224e-03,-1.22402448e-03,-1.32002640e-03,-1.40002800e-03,-1.46402928e-03,-1.52803056e-03,-1.54403088e-03,-1.54403088e-03,-1.54403088e-03,-1.54403088e-03,-1.54403088e-03,-1.54403088e-03,-1.54403088e-03,
